    89    78    93
    91    77    89
    88    78    75
   100    95   154
    28    32    31
    18   133   129
     5     6     4
    85    66    67
    94   154    95
    58   132   125
   137   109   108
    11    15    12
    33    32    23
   100   152   151
   150   148   149
    75    74    73
   102   101    94
   150   152   153
   154    96   100
    99    71    74
   102    69    97
    97    67    98
    89   153    91
    76    75   139
    89    93    90
    99    98    71
   101   102    97
    57   121    58
    68   111   112
    57    58   123
    56    57   123
    14   129    15
   103   110    69
   112   113    85
   104   105   135
   104   135   136
   125    47    46
   125   132    47
    22    29   130
     8    14     9
     8     7     3
    28    27    29
    28    29    23
   133   130    29
    10    11    30
    41    43    42
   132   119    48
    40    41    38
    36    35    33
    59    53    54
    18   130   133
    49    48   119
   117   122    61
    47    48   126
   119   120    49
    46    47    44
   132    48    47
    42    43    44
    43    46    44
   149   147   146
   148    90    92
   140   152   100
   148   153    90
   150   151   152
   139    89    77
   153   152    91
   149   141   150
    95   100   151
   148   150   153
   148   147   149
   141   149   145
   141   151   150
   145   146   144
   142   141   145
   149   146   145
   145   144   143
   142    94    95
   101    96   154
   101   154    94
   143   142   145
    95   151   141
   141   142    95
   143    94   142
   140   100   138
    96    98    99
   138   100    96
   138    77   140
   131   137   108
    97    98    96
    67    83    70
   101    97    96
   111   110   137
    75    76    74
   138    96    99
    76    99    74
    76   138    99
    72    87    73
    73    87    88
    88    75    73
   139   138    76
   138   139    77
    75    78    89
    91   140    77
    91   152   140
    92    90    93
   153    89    90
   139    75    89
    98    67    70
    87    80    79
    79    78    88
    88    87    79
    74    72    73
    72    81    87
    71    72    74
    71    70    72
    67    66    83
    86   113   114
    87    81    80
    70    83    81
    72    70    81
    71    98    70
    85    65    66
   116    64   115
    86   115    85
    64    65   115
   117   120   121
   116   117    63
    65    85   115
    67   112    85
    86   116   115
    63    64   116
    62   117    61
   117   116   114
   122    60    61
   122    57    60
   123    58    54
    56   123    55
    56    60    57
   121    57   122
   121   132    58
   120   119   132
   120   132   121
   136   114   113
   135   105    51
   136   135   114
    50    49   120
   113    86    85
   114   116    86
   122   117   121
    62    63   117
    97    68    67
   111   136   112
    67    68   112
    97    69    68
    69   111    68
    69   110   111
   112   136   113
   111   137   136
    38    39    40
    38    23    21
    21    23    22
    38    37    23
    23    32    28
    23    37    33
    19    21    22
    23    29    22
    34    31    32
    27   133    29
    19    20    21
    39    38    20
   130    19    22
    20    38    21
    19   130    18
    12   133    24
     8     9     7
    16    14    13
    16    17   129
    16   129    14
    17    18   129
    31    26    28
    24   133    27
     9    84     7
    12   129   133
    13     8     2
    13    14     8
     8     3     2
     3     4     1
     2     3     1
     7     4     3
     7    84    10
     7     5     4
    26    27    28
    84    11    10
    30    11    24
    84     9    15
     5    10     6
     5     7    10
    84    15    11
     9    14    15
    11    12    24
    15   129    12
    30    25    26
   131   107   105
    26    25    27
    24    27    25
    30    26    31
    30    24    25
    10    30     6
    36    33    37
    35    34    33
    41    36    37
    42    44   126
    33    34    32
    35    31    34
    44    47   126
   126    48   127
    38    41    37
    40    52    45
   127    42   126
    36    41    42
    59   124    53
    45    41    40
    46    45   124
    43    41    45
   123    54    55
    58   125    54
   124    52    53
   124    45    52
   114   120   117
   114   135   120
   125    59    54
   125    46    59
   128    49    50
   128    48    49
    45    46    43
   124    59    46
    51    50   120
   105   107   106
   102   103    69
   137   110   109
   135    51   120
   105    50    51
    82   103   102
   131   108   107
   136   137   104
   110   103   109
   128   127    48
   109   103    82
    82   118   109
   109   118   108
   104   131   105
   104   137   131
   118   155   108
   134   127   128
   105   106    50
    50   106   128
   106   134   128

